 <pre>

 Contingency table for Rh2m (%)
 Selection: ALL   1048 stations
Period: 20210521-20210703
Used {00,06,12,18} + 00 03 ... 48
 Limits    30.0000000       50.0000000       65.0000000       75.0000000       85.0000000       95.0000000       100.000000    
 Each class is data <= limit, the very last > last limit
 Total number of values     1644016
                                              OBSERVATION
                                   5710     6621      339       55       18        8        0        0 |     12751
                                  16206   148082    39651     5841     2407     1125      244        0 |    213556
                                   3156    77320   156185    61098    24694    10202     2405        0 |    335060
                c43h22t3_3dvar      420    14885    68617   102217    68821    27948     6373        0 |    289281
                                    124     5003    26641    64622   127744    81818    19006        0 |    324958
                                     28     1623     9644    23611    76033   166391    64935        0 |    342265
                                      5      139     1208     3309    10805    45417    60917        0 |    121800
                                      0        0        9       16      141     1209     2970        0 |      4345

                    SUM           25649   253673   302294   260769   310663   334118   156850        0 |   1644016
                                              OBSERVATION
                                   5467     5568      263       52       18        8        1        0 |     11377
                                  16798   152535    40252     6025     2287     1098      232        0 |    219227
                                   2844    75955   160675    64211    26135    10587     2505        0 |    342912
                c43h22t3_4dvar      400    13650    66558   103244    71493    29813     6673        0 |    291831
                                    121     4480    24518    62181   127495    84316    20047        0 |    323158
                                     18     1339     8954    22004    73260   163666    65488        0 |    334729
                                      1      146     1071     3042     9857    43596    59256        0 |    116969
                                      0        0        3       10      118     1034     2648        0 |      3813

                    SUM           25649   253673   302294   260769   310663   334118   156850        0 |   1644016

