 <pre>

 Contingency table for Visibility (m)
 Selection: ALL    723 stations
Period: 20210521-20210703
Used {00,06,12,18} + 00 03 ... 48
 Limits    1000.00000       5000.00000       10000.0000       20000.0000    
 Each class is data <= limit, the very last > last limit
 Total number of values     1079546
                                     OBSERVATION
                                   2037     1295     1055     1248     1534 |      7169
                                   3576    11242    15402    21566    21423 |     73209
                c43h22t3_3dvar     1981     8965    16835    34095    42422 |    104298
                                   1440     8314    28932    79814   162970 |    281470
                                    836     4789    36541   150275   420959 |    613400

                    SUM            9870    34605    98765   286998   649308 |   1079546
                                     OBSERVATION
                                   1609      993      856     1050     1140 |      5648
                                   3677    10958    15055    20627    20033 |     70350
                c43h22t3_4dvar     2024     9017    16582    33347    41215 |    102185
                                   1600     8757    29032    79293   161345 |    280027
                                    960     4880    37240   152681   425575 |    621336

                    SUM            9870    34605    98765   286998   649308 |   1079546

