 <pre>

 Contingency table for Cloud cover (octas)
 Selection: ALL    413 stations
Period: 20210521-20210703
Used {00,06,12,18} + 03 06 ... 48
 Limits   0.500000000       1.50000000       2.50000000       3.50000000       4.50000000       5.50000000       6.50000000       7.50000000    
 Each class is data <= limit, the very last > last limit
 Total number of values      516585
                                                       OBSERVATION
                                  61665    15532    14761     7503     3407     4904     6210     4556     7289 |    125827
                                   8445     3162     4234     2957     1583     2609     3772     3008     4598 |     34368
                                   4379     1700     2331     1784     1088     1790     2730     2324     3543 |     21669
                                   3542     1421     1914     1524      949     1563     2596     2143     3290 |     18942
                c43h22t3_3dvar     3221     1267     1875     1512      986     1724     2828     2399     3558 |     19370
                                   3088     1216     1868     1510      956     1847     2949     2716     4137 |     20287
                                   3591     1461     2099     1819     1163     2156     3616     3567     5447 |     24919
                                   4935     2027     2895     2481     1691     3062     5501     5961     9935 |     38488
                                  11302     5171     6888     6666     4967    10264    21000    42599   103858 |    212715

                    SUM          104168    32957    38865    27756    16790    29919    51202    69273   145655 |    516585
                                                       OBSERVATION
                                  62858    16036    15514     7734     3640     5269     6685     5045     8347 |    131128
                                   8247     3210     4205     2925     1583     2645     3780     3297     4967 |     34859
                                   4405     1718     2393     1835     1021     1791     2860     2365     3770 |     22158
                                   3562     1378     1987     1530      974     1603     2625     2232     3492 |     19383
                c43h22t3_4dvar     3157     1236     1913     1544      993     1769     2835     2340     3739 |     19526
                                   3069     1195     1771     1544     1003     1883     3015     2777     4275 |     20532
                                   3524     1421     2072     1749     1152     2152     3697     3578     5769 |     25114
                                   4860     1927     2738     2444     1658     3120     5551     5845    10165 |     38308
                                  10486     4836     6272     6451     4766     9687    20154    41794   101131 |    205577

                    SUM          104168    32957    38865    27756    16790    29919    51202    69273   145655 |    516585

